name: orthofinder
channels:
  - defaults
  - bioconda
  - conda-forge
  - etetoolkit
dependencies:
  - blast=2.9.0=h58d6d27_1
  - boost=1.68.0=py27h9888f84_1001
  - boost-cpp=1.68.0=h6f8c590_1000
  - bzip2=1.0.6=h1de35cc_5
  - certifi=2019.3.9=py27_0
  - diamond=0.9.24=hbde9309_1
  - dlcpar=1.0=py27h24bf2e0_1
  - fastme=2.1.5=0
  - fasttree=2.1.10=h1de35cc_3
  - gawk=5.0.0=h1de35cc_0
  - gettext=0.19.8.1=h15daf44_3
  - gmp=6.1.2=hb37e062_1
  - gnutls=3.6.5=h53004b3_1002
  - icu=58.2=h4b95b61_1
  - iqtree=1.6.11=h5c9b4e4_0
  - libblas=3.8.0=7_openblas
  - libcblas=3.8.0=7_openblas
  - libcxx=8.0.0=2
  - libcxxabi=8.0.0=2
  - libedit=3.1.20181209=hb402a30_0
  - libffi=3.2.1=1
  - libgcc=4.8.5=hdbeacc1_10
  - libgfortran=3.0.1=h93005f0_2
  - libiconv=1.15=hdd342a3_7
  - liblapack=3.8.0=7_openblas
  - llvm-openmp=8.0.0=h770b8ee_0
  - mafft=7.407=h0a44026_2
  - mcl=14.137=pl526h470a237_4
  - mmseqs2=9.d36de=hacce2fa_0
  - muscle=3.8.1551=h04f5b5a_4
  - ncurses=6.1=h0a44026_1
  - nettle=3.4.1=h3efe00b_1002
  - numpy=1.16.4=py27h6b0580a_0
  - openblas=0.3.5=h436c29b_1001
  - openmp=8.0.0=0
  - orthofinder=2.3.3=0
  - pcre=8.43=h0a44026_0
  - perl=5.26.2=h4e221da_0
  - perl-archive-tar=2.32=pl526_0
  - perl-carp=1.38=pl526_3
  - perl-common-sense=3.74=pl526_2
  - perl-compress-raw-bzip2=2.086=pl526h0a44026_0
  - perl-compress-raw-zlib=2.086=pl526h04f5b5a_1
  - perl-exporter=5.72=pl526_1
  - perl-exporter-tiny=1.002001=pl526_0
  - perl-extutils-makemaker=7.36=pl526_1
  - perl-io-compress=2.086=pl526h0a44026_0
  - perl-io-zlib=1.10=pl526_2
  - perl-json=4.02=pl526_0
  - perl-json-xs=2.34=pl526h04f5b5a_3
  - perl-list-moreutils=0.428=pl526_1
  - perl-list-moreutils-xs=0.428=pl526_0
  - perl-pathtools=3.75=pl526h1de35cc_1
  - perl-scalar-list-utils=1.50=pl526h1de35cc_0
  - perl-types-serialiser=1.0=pl526_2
  - perl-xsloader=0.24=pl526_0
  - pip=19.1.1=py27_0
  - python=2.7.16=h97142e2_0
  - raxml=8.2.12=h1de35cc_1
  - readline=7.0=h1de35cc_5
  - scipy=1.2.1=py27hbd7caa9_1
  - setuptools=41.0.1=py27_0
  - sqlite=3.28.0=ha441bb4_0
  - tk=8.6.9=h2573ce8_1002
  - wheel=0.33.4=py27_0
  - xz=5.2.4=h1de35cc_4
  - zlib=1.2.11=h1de35cc_3
